lambda1 = 0.997743820390554
lambda2 = 0.0022561796094460185